0000000000000000000000000000000000000000000000000000000000000000000000000000000000000000000000000000
0000000000000000000000000000000000000000000000000000000000000000000000000000000000000000000000000000
0000000000001001000001000001100001001100011011100100000000110110100010110100111110010000010000000000
0000000001011001010110100001000100101010011111000110010000000111011000001011010111111110001111000000
0000000000010000001110000010000101001011110000001101001000000111110110100010011010000110110000000000
0000000000000000000010010110011111000111100000000001001101000011001101000101001000100100000011000000
0000000000000000001110100100100001000000000000000000110111101010010100000000001101010010100000000000
0000000000000000011010100100000100100000000000000000110010100100010010000000011100010000010100000000
0000000000000000000001000000100010010110000000000000000010011000100000000000001010000000000110000000
0000000000000000000011010111000010010101101000000001010000010010000000000000111010111010010100000000
0000000000000000000000001111000001100001100010100100001000000000101000000000000000001011110000000000
0000000000000000000000101000110000101010010010000101000010000110000110000000001001000010000000000000
0000000000000000000000001000100100000000100110100101101101010001000001000000000110100000000000000000
0000000000000000000000100100100010011101101100000100000011000100001001000000000111100000000000000000
0000000001110100000000001000100010101111000100001100100110101011101011000000000000000000000000000000
0000000011011000000010101011010110000011000111100000010100101111100000010000000000000000000000000000
0000000010001001000101011000010100000011000010100100000110010100010011001101000000000000000000000000
0000000110101100000110010000001000000001100011000000011010001000110100000100000000000000000000000000
0000000011001101000000010011011110100001101010010100100100011100010001011011010000000000000000000000
0000000001111110000001010000110100000000001010010011010011000010000110010111000000000000000000000000
0000000000010000000001010011000010000000001100111011000010011010010011100111110000000000000000000000
0000000000011100000110101000001001000000000001010100100010110100000100111010100000000000000000000000
0000000000000000001101011000001000000000000000110001000101000000010000011110000000000000000000000000
0000000000100000001001101100110000000000000000001101010101000110100000011001000000000000000000000000
0000000000000000001001001100000000000000000000000001100010100011000000000000000000000000000000000000
0000000000000000000100000100000000000000000000000111000001000010001000000000000000000000000000000000
0000000000000000001000100000000000000000000000000100110111000010001000000000000000000000000000000000
0000000000000000000000001000000000000000000000000011110100000100010000000000000000000000000000000000
0000000000000000001010000000000000000000000000000010000010010011111001000000000000000000000000000000
0000000000000000000000100000000000000000000000000010100101000000000000000000000000000000000000000000
0000000010000000000000000000000000000000000000000100100001010001101110000000000000000000000000000000
0000000000000000001010000000000000000000000000000101010000000000001011000000000000000000000000000000
0000000000000000000000100000000000000000000000000000110101000000010000000000000000000000000000000000
0000000010000000000000000000000000000000000000000100100101000001101110000000000000000000000000000000
0000000000000000001010000000000000000000000000000101010000000100001011000000000000000000000000000000
0000000000000000000000100000000000000000000000000000110101000000010000000000000000000000000000000000
0000000010000000000000000000000000000000000000000100100101000001101110000000000000000000000000000000
0000000000000000001010000000000000000000000000000101010000000100001011000000000000000000000000000000
0000000000000000000000100000000000000000000000000000110101000000010000000000000000000000000000000000
0000000010000000000000000000000000000000000000000100100101000001101110000000000000000000000000000000
0000000000000000001010000000000000000000000000000101010000000100001011000000000000000000000000000000
0000000000000000000000100000000000000000000000000000110101000000010000000000000000000000000000000000
0000000010000000000000000000000000000000000000000100100101000001101110000000000000000000000000000000
0000000000000000001010000000000000000000000000000101010000000100001011000000000000000000000000000000
0000000000000000000000100000000000000000000000000000110101000000010000000000000000000000000000000000
0000000010000000000000000000000000000000000000000100100101000001101110000000000000000000000000000000
0000000000000000001010000000000000000000000000000101010000000100001011000000000000000000000000000000
0000000000000000000000100000000000000000000000000000110101000000010000000000000000000000000000000000
0000000010000000000000000000000000000000000000000100100101000001101110000000000000000000000000000000
0000000000000000001010000000000000000000000000000101010000000100001011000000000000000000000000000000
0000000000000000000000100000000000000000000000000000110101000000010000000000000000000000000000000000
0000000010000000000000000000000000000000000000000100100101000001101110000000000000000000000000000000
0000000000000000001010000000000000000000000000000101010000000100001011000000000000000000000000000000
0000000000000000000000100000000000000000000000000000110101000000010000000000000000000000000000000000
0000000010000000000000000000000000000000000000000100100101000001101110000000000000000000000000000000
0000000000000000001010000000000000000000000000000101010000000100001011000000000000000000000000000000
0000000000000000000000100000000000000000000000000000110101000000010000000000000000000000000000000000
0000000010000000000000000000000000000000000000000100100101000001101110000000000000000000000000000000
0000000000000000001010000000000000000000000000000101010000000100001011000000000000000000000000000000
0000000000000000000000100000000000000000000000000000110101000000010000000000000000000000000000000000
0000000010000000000000000000000000000000000000000100100101000001101110000000000000000000000000000000
0000000000000000001010000000000000000000000000000101010000000100001011000000000000000000000000000000
0000000000000000000000100000000000000000000000000000110101000000010000000000000000000000000000000000
0000000010000000000000000000000000000000000000000100100101000001101110000000000000000000000000000000
0000000000000000001010000000000000000000000000000101010000000100001011000000000000000000000000000000
0000000000000000000000100000000000000000000000000000110101000000010000000000000000000000000000000000
0000000010000000000000000000000000000000000000000100100101000001101110000000000000000000000000000000
0000000000000000001010000000000000000000000000000101010000000100001011000000000000000000000000000000
0000000000000000000000100000000000000000000000000000110101000000010000000000000000000000000000000000
0000000010000000000000000000000000000000000000000100100101000001101110000000000000000000000000000000
0000000000000000001010000000000000000000000000000101010000000100001011000000000000000000000000000000
0000000000000000000000100000000000000000000000000000110101000000010000000000000000000000000000000000
0000000010000000000000000000000000000000000000000100100101000001101110000000000000000000000000000000
0000000000000000001010000000000000000000000000000101010000000100001011000000000000000000000000000000
0000000000000000000000100000000000000000000000000000110101000000010000000000000000000000000000000000
0000000010000000000000000000000000000000000000000100100101000001101110000000000000000000000000000000
0000000000000000001010000000000000000000000000000101010000000100001011000000000000000000000000000000
0000000000000000000000100000000000000000000000000000110101000000010000000000000000000000000000000000
0000000010000000000000000000000000000000000000000100100101000001101110000000000000000000000000000000
0000000000000000001010000000000000000000000000000101010000000100001011000000000000000000000000000000
0000000000000000000000100000000000000000000000000000110101000000010000000000000000000000000000000000
0000000010000000000000000000000000000000000000000100100101000001101110000000000000000000000000000000
0000000000000000001010000000000000000000000000000101010000000100001011000000000000000000000000000000
0000000000000000000010000000000000000000000000000100110101000000010100000000000000000000000000000000
0000000010000000000001000000000000000000000000001001101100010001000100000000000000000000000000000000
0000000000000000000001010000000000000000000000000010000001000100101011000000000000000000000000000000
0000000000000000000111100000000000000000000000000010111011000101000100000000000000000000000000000000
0000000010000000000011011110000000000000000000010011111000000100000000000000000000000000000000000000
0000011101000000000000011100000000000000000000010001011000001010001011100000000000000000000000000000
0000001000000000000000010110100000000000000000000101001011001111100111000000000000000000000000000000
0000010001000000000010001000000000000000000000110110101000001000000010101000000000000000000000000000
0000101011000000000111100010001100000000000000111110101111010000110011110001000000000000000000000000
0000010010000000001001000100000000000000000000100000000111000011100001000111000000000000000000000000
0000100100000000000001000010011000000000000001100100000100010010011101000101010000000000000000000000
0000010010100100001100001010000000000000000001111010001110100100001110100111000000110100000000000000
0000001000100010011010000000101011000000000010000100100001001111101001000000000000000100000000000000
0000010011100000101100101010001001000000000011010010001110101000001010000111101010100100000000000000
0000011001010111010110101001010010010000000000101011000010100110000010110111000000010101000000000000
0000001110100010000000100000000100011100000100011111110000000100100101010000000000100010000000000000
0000000000010100000010001011100101010000000101100010000001011101000000001010000100100011000000000000
