0000000000000000110111111100101001010000000110000101000111011010000001001101100010111100100000101101
0000000000000001100111000100100101100011000010100001000100101000010001110111101001001001110110001010
0010000010110011100100000000011000111100000101011111100000101101011001011010100000011010110100110110
0011100010000011010010001001000100000111100010000000100111110000001011100000100111101001100001111100
0101000000111011011110000011100111000100100001010100101111000100100110010110010010010111101110100000
0110101011100001100011000010101011100110100000100110000110111100000000110110010101101001000101000010
0111001110101001111110100001101100010000100111100001011100001010000000100101000011110010010000111000
0011011000101000110010010000001000101000101011000101101100010001000000000111011110000001100010101111
1011011001101010010001010100010111100011000100000010001100011011110100000101101000001101000001110001
0000100111010010001110000111000100110101010100000111000000000000010011000000101111100010101001101010
0000000101010000101101011110100010010000100110000111000011110001000000000000110101100000000000000010
0101100000110000001000110001000101001100000001001010000101000101111101000000001000001100011101001000
0000001100001000010001011010100001100100101111010000001000100100100000100000000101000000100110001000
0110010100010001011001011010001000001111111111010000000111000010100001101000000011101110000101011110
0010111000010000101100001100000111100001000000000101101000111101011100011010100100011011010101011000
0110001001110001000010101010101001111110001100010000010000001001001010100000000111010001001110001000
0101110000100100000001100101011000100001001110001110001001011010001000101100100011110110011010101000
1001000000001000000101011001111000110110000011000110001001101010001111000010000010001100010011011010
0000101001100000010000010101001110000010000011100111000111001101011011000010100011010100001110111000
1000011011000001000111100001000001100110011000000011110001100000001101000101000000011000111001010000
1000111001000000100100000001100000000000010000000000100010001001110100101100001110110010000101000001
1111011010001000110100010101011010100011011001010011000010000100001100100001010101001000000000000010
1100100110000101010101000101011100010100001011101010000101010010100000011000010101000001100100100100
1000010101011101001000101111011000000001110100011110011000100011110111101000110000000010100101010001
0100001001110110001001010000000101101000000010000000000000011110111110001000000110010000000110100010
0010110000111010100001101001110100000100010100111100000000010110000000000100000011000100110101010000
0111010010001000010100010101011110110110011100101011010000000000010111101111110010001100111010000101
0100010000111110000000011111100001001010100000001011000110111100100011000101010000000001100010000100
1011101111111100101110001100001100000000011100111000111001010101100001100100011010100000011100101000
0001110100101001100001010111010101001000111000010000111110011000011101001011000110101010000010000010
1001000001100001100000111010000100011010001000110010000011010001110000110110010010101101011110101100
1010000101010001110110001010000011001101010111100000010101011110110001001011100001001000000100000110
0000100000011000000100010110010100110100010000101010001100100001001001100100100011001010000101000010
0010010000000100000100010011000011100111100010000010101010000000101000000011010001000000000011100001
0000000010100010001010100000001000000001010100010101100000000111101010100001000100001010000000000011
1000100000100110000101101000001110111001010111000001111100100000011010000100100101100001110101000001
1100100011111011001001000101011010000000010001100000110011000000100000100110100100011000000001000000
0000011001100100000101000001110000001100001110010100000110010110000011100010001000101111100000000001
1011001001000000000101000101110000011000000011100000000111011000011100010010111000000010000000000000
0111000011011110000001000000000001110011010010000100000110011010001101101110001000000100000000000000
0001001101000100010011001100000001011000010011100000000000100000110000000010100000000000000000000000
0100100111000011100011000010101000100010010011000000011010101000100101001101010000000000000000000000
1101001001011000010100010111111011110001000101000001011100001100111100100000010000100000000000000000
1110000000001100011101000001010001111100101000010000011011000010000110101111000100000000000000000000
1110010011110100000011011000001101100010000000110111101011000001100000100001110110110100000000000000
0000100000010001010000011000011001000100110000100101101000010000100000110101000111010000000000000000
0001000000111111000010101000001000010100010010011000100100010000100010011001000100011101000000000000
0000000010010010000000010000000011010000011010001011000101011000011000000100100101000000000000000000
0101100000011101100001100000000011000101100000000001001100001110100111000011110001000011000000000000
0001100001100100011010000001000000010000000000101100001000100110001010000010101001000100000000000000
0100000000001001000100110000000110000001100011101101011010001111110010011101000000010111010000000000
0111001101100100010001001110001010001010010010100100000010010010111000100000000011000100000000000000
0010000000000000000010000001111100000100000101000010000100111101001010100101010011001111000000000000
0000110100100111000010101011010000011000000000101100010001100000111100010000001001010001000000000000
0001110100010100001000010100101011110000101001001011110111000000000001000000001100010100101000000000
0000101110000000111000010101000110010000110011110100010000011010001100000101001010011000100000000000
0001110000110011000100000010000000110101101000010011010010110110000110101000001101010000110000000100
0001110010011000000100011001001000001010010101010000100001111100000000010101100011001010000000101000
0011000101010001001000111110001100000000000001100000011000010011100010101010000001011110100011100000
0011010001000000011000110000000111000010000100111010100001000010100001010001110001100100001100110101
0010010000010100001100000000101001010010000010111010001100010001010110000100001000010100010101000101
0011000111100110000100000110011000000011111100000000010010100010000001001110000000010001010110110000
0100011111000110001111000000100000000010110010010011010110010100000000000010111001101000011001100001
0100000010110101000101110110001000010001111100011010011001100001010000000000001010001101010001100001
0011010010001000001101101010101100000100010111100010010111001010011110010001001110100100110110110110
1001010001010010000010000100100110101011001000000010000000001010001101000100110111110010100100000000
0110000000000101001010001001101000000010111000011110100001001100001000000100000000100000101011011110
0001101010001110001010011001000000100010100110100000100110000001000000000101110110001001000001000000
1101000000100000001000011010001010001100001000101010010000010011100111011000100000011110111010000001
1100000001100110101000100000000000011101100110000001011111101000011010010010010111000100111101001110
0000111100101010000000100010101010111010001001000010010000000011100111001100001110001100000000000000
1000010001100000110000010000001001011010110010010101100000100010010000011000100111100001010110100101
0000000000100101001011100110000010100010001101111110100000101000100000110011100110000000010000010000
0010100100100000001110010000000111100010011010100100110011110001101101110110100000000011010001001111
0001000001100101110001101011010000010001111100000001001000001110100110001000011001101110000010010111
0000110000001010011001000000011100001000100101000101010001111100001000111000000010001001101000010010
0100000010011001000010000000001000100110100001110001001000110001000000011001001000000000011111101100
0000000000000101000011000010001010110001001100100010000110101000000001001100000100010000011010000000
1001000000001100111100110011110011000101110000000010010100000111000000000100010110001011010010111100
0101000011000001100010000100001000010000000000111011001000000100111001101000000000110101010000000100
0000100101010011011100011010110000000001000101000001011010000001010010100100010000000000010110000010
1111000001100000100100111000010110100100000000001000001110000100111011001010000111000000110010100110
0010001001011000110001001000001011110000010100001010110000101101101011011110111001010010001000000000
0000100011000001100111000010001010011010000001100011100101101000000000010011000010111101010010011010
1010111100101010000011000100010010001001000100001100000010101000011000110011110000101000001101011111
0000010111000110001010100010001110110111010000110100110111011011001001000100010001001001010010010010
0101000010001000000000100101110010101101100000100010010010000101000010000000000001100101101000000011
0000111001111011001011110000000000001000001100000010101100001100001100001001101010101100010000010000
0001000101010001000000001100010110011000101000010011000000110010100001010000111100000000100000101101
0011110100100101000011000100000100000010100010110001101110000100111011100011101000000100110001110000
1000000001000111001001001010010000100100010100100000101010010000010100001111100111101110000000011111
0101100101101010000011011100100001000101000110011000000010000000000100011011000000001101101000110010
0111101000011000000001100101010000001001000110101110111011110000001010010001110100000100001000000010
1101001011001101001100000001011101100000011010100000000001100110000110100001000001000100001000000111
0000010001101100001001101011000001010100001010010001010011110000000010111010101100001100100000110000
1001000011110001000111011010110100101101110001110001010110000110000010011100101010011010000100000110
0011010000100001111010010001000110011000010010010000110100000000100101110010101000000000010000011000
1001100101101000001010100010000100001001111001100101100100111010110010101000000001111000111100100010
1000000001110101000010101010010010000001000000001010001010010010001011000101001000001000000110000011
0110101100100000100100010101010100000100001000000001010111101001000000010001100011010111010100110000
